xmin_original,ymin_original,xmax_original,ymax_original,score,class
1869,3606,1907,3640,-1,melon
4375,3623,4411,3640,-1,melon
3978,3615,4013,3640,-1,melon
2148,3613,2178,3639,-1,melon
3947,3603,3980,3634,-1,melon
4339,3592,4367,3629,-1,melon
4294,3594,4324,3629,-1,melon
1924,3603,1956,3628,-1,melon
3328,3607,3348,3628,-1,melon
2222,3594,2263,3627,-1,melon
2972,3601,2995,3625,-1,melon
2927,3593,2954,3621,-1,melon
3005,3595,3028,3619,-1,melon
3967,3587,4007,3615,-1,melon
4042,3580,4074,3610,-1,melon
3311,3566,3344,3598,-1,melon
1192,3571,1217,3597,-1,melon
1939,3564,1965,3596,-1,melon
2224,3561,2260,3595,-1,melon
1896,3566,1921,3593,-1,melon
519,3564,560,3593,-1,melon
2887,3563,2912,3591,-1,melon
2928,3564,2957,3587,-1,melon
344,3539,378,3582,-1,melon
3288,3542,3318,3573,-1,melon
864,3533,897,3571,-1,melon
2925,3544,2949,3567,-1,melon
1228,3528,1258,3565,-1,melon
1542,3527,1575,3555,-1,melon
2806,3532,2829,3553,-1,melon
4002,3521,4030,3553,-1,melon
341,3528,362,3549,-1,melon
2955,3527,2976,3549,-1,melon
2907,3515,2932,3545,-1,melon
3096,3517,3121,3544,-1,melon
3331,3503,3361,3542,-1,melon
1497,3497,1528,3539,-1,melon
446,3506,480,3538,-1,melon
2784,3511,2806,3533,-1,melon
3294,3495,3327,3531,-1,melon
1529,3499,1564,3530,-1,melon
1188,3489,1221,3524,-1,melon
2950,3493,2980,3523,-1,melon
486,3487,525,3521,-1,melon
1581,3485,1610,3521,-1,melon
4583,3467,4623,3510,-1,melon
3320,3480,3349,3510,-1,melon
377,3458,405,3495,-1,melon
2918,3467,2943,3493,-1,melon
4284,3458,4316,3492,-1,melon
1512,3458,1560,3490,-1,melon
447,3455,490,3488,-1,melon
1580,3461,1614,3486,-1,melon
402,3453,429,3482,-1,melon
2966,3451,2982,3473,-1,melon
2916,3447,2941,3472,-1,melon
761,3438,789,3462,-1,melon
4704,3438,4733,3460,-1,melon
2939,3436,2964,3460,-1,melon
1567,3419,1604,3454,-1,melon
398,3413,425,3453,-1,melon
2894,3421,2917,3450,-1,melon
1540,3409,1572,3449,-1,melon
4317,3412,4348,3443,-1,melon
2840,3426,2855,3443,-1,melon
3368,3419,3390,3442,-1,melon
4673,3403,4706,3439,-1,melon
3088,3413,3106,3433,-1,melon
3301,3407,3329,3432,-1,melon
1157,3401,1189,3429,-1,melon
1573,3395,1608,3423,-1,melon
433,3377,468,3423,-1,melon
766,3383,801,3423,-1,melon
2781,3395,2799,3415,-1,melon
4321,3384,4350,3413,-1,melon
3288,3377,3322,3411,-1,melon
3997,3374,4031,3408,-1,melon
3394,3355,3422,3392,-1,melon
2954,3368,2972,3390,-1,melon
728,3360,757,3386,-1,melon
2925,3360,2953,3385,-1,melon
5220,3349,5273,3383,-1,melon
2877,3352,2900,3378,-1,melon
2900,3352,2921,3374,-1,melon
820,3325,847,3360,-1,melon
790,3318,821,3358,-1,melon
5308,3316,5352,3354,-1,melon
2954,3328,2975,3346,-1,melon
5372,3298,5409,3342,-1,melon
393,3306,421,3337,-1,melon
2920,3319,2936,3336,-1,melon
2988,3308,3008,3326,-1,melon
5415,3286,5449,3326,-1,melon
353,3293,394,3321,-1,melon
2937,3296,2957,3317,-1,melon
3959,3282,3987,3312,-1,melon
5312,3270,5353,3310,-1,melon
2946,3277,2970,3304,-1,melon
326,3258,367,3297,-1,melon
5392,3251,5421,3289,-1,melon
2850,3251,2877,3278,-1,melon
379,3249,413,3278,-1,melon
2173,3244,2200,3274,-1,melon
745,3234,786,3271,-1,melon
2328,3233,2372,3271,-1,melon
401,3247,431,3264,-1,melon
402,3217,433,3263,-1,melon
1130,3235,1159,3260,-1,melon
2197,3230,2231,3259,-1,melon
2231,3219,2261,3255,-1,melon
1883,3221,1914,3252,-1,melon
5278,3210,5313,3240,-1,melon
1869,3202,1913,3230,-1,melon
2200,3187,2235,3228,-1,melon
2344,3184,2383,3228,-1,melon
744,3183,787,3221,-1,melon
5303,3174,5337,3210,-1,melon
3340,3180,3365,3209,-1,melon
3257,3174,3286,3208,-1,melon
1861,3177,1910,3206,-1,melon
1923,3160,1952,3206,-1,melon
293,3164,326,3198,-1,melon
3283,3166,3309,3198,-1,melon
2171,3162,2204,3198,-1,melon
2218,3156,2258,3195,-1,melon
1893,3161,1926,3190,-1,melon
3223,3165,3242,3185,-1,melon
409,3154,448,3180,-1,melon
5317,3151,5351,3179,-1,melon
900,3148,928,3176,-1,melon
2180,3135,2217,3173,-1,melon
2244,3141,2279,3172,-1,melon
1879,3132,1910,3169,-1,melon
1859,3140,1881,3162,-1,melon
2223,3118,2252,3157,-1,melon
3260,3120,3293,3154,-1,melon
3308,3127,3327,3153,-1,melon
1908,3125,1938,3149,-1,melon
2887,3119,2910,3147,-1,melon
1868,3120,1890,3143,-1,melon
3647,3114,3674,3135,-1,melon
1883,3103,1905,3132,-1,melon
3313,3107,3339,3130,-1,melon
3283,3099,3309,3129,-1,melon
1198,3088,1228,3124,-1,melon
1864,3089,1890,3119,-1,melon
1894,3083,1940,3111,-1,melon
3316,3083,3346,3109,-1,melon
812,3070,847,3107,-1,melon
3663,3077,3692,3107,-1,melon
2914,3075,2940,3105,-1,melon
3283,3071,3310,3099,-1,melon
3253,3058,3278,3085,-1,melon
703,3050,740,3084,-1,melon
1907,3066,1928,3082,-1,melon
2884,3056,2911,3081,-1,melon
2791,3063,2813,3080,-1,melon
2910,3050,2935,3075,-1,melon
2312,3040,2344,3074,-1,melon
462,3046,492,3070,-1,melon
3309,3044,3327,3069,-1,melon
3283,3041,3299,3067,-1,melon
2873,3030,2895,3058,-1,melon
750,3029,786,3054,-1,melon
2916,3028,2939,3053,-1,melon
1267,3028,1294,3051,-1,melon
2893,3021,2917,3050,-1,melon
3283,3013,3307,3045,-1,melon
902,3013,934,3041,-1,melon
3311,3005,3337,3034,-1,melon
2877,3008,2899,3031,-1,melon
1200,3002,1227,3031,-1,melon
3958,3004,3981,3030,-1,melon
3931,3004,3959,3029,-1,melon
2923,3009,2942,3028,-1,melon
382,3002,418,3027,-1,melon
2902,2997,2923,3024,-1,melon
506,2998,531,3023,-1,melon
3984,2994,4016,3023,-1,melon
272,2985,302,3018,-1,melon
3297,2984,3320,3013,-1,melon
3283,2982,3297,3013,-1,melon
3317,2976,3345,3008,-1,melon
3934,2980,3962,3006,-1,melon
342,2974,371,2998,-1,melon
3614,2966,3646,2997,-1,melon
2254,2973,2280,2996,-1,melon
3963,2964,3988,2995,-1,melon
2819,2978,2839,2994,-1,melon
371,2967,403,2994,-1,melon
3988,2972,4009,2990,-1,melon
3942,2954,3969,2980,-1,melon
3914,2952,3943,2979,-1,melon
2891,2956,2915,2979,-1,melon
3029,2948,3058,2973,-1,melon
3976,2945,4003,2971,-1,melon
3629,2945,3653,2970,-1,melon
469,2936,500,2960,-1,melon
305,2935,340,2957,-1,melon
3923,2927,3955,2953,-1,melon
3870,2923,3897,2951,-1,melon
500,2923,528,2950,-1,melon
2073,2922,2096,2948,-1,melon
3588,2917,3618,2946,-1,melon
3979,2919,4006,2945,-1,melon
3618,2917,3642,2944,-1,melon
3559,2913,3587,2940,-1,melon
322,2913,349,2939,-1,melon
3953,2913,3981,2935,-1,melon
4404,2914,4421,2933,-1,melon
3887,2913,3922,2929,-1,melon
1447,2905,1473,2929,-1,melon
3922,2913,3955,2928,-1,melon
3921,2898,3955,2927,-1,melon
3027,2899,3053,2924,-1,melon
3600,2894,3629,2923,-1,melon
3968,2881,4005,2919,-1,melon
3948,2884,3974,2909,-1,melon
271,2883,295,2904,-1,melon
3616,2878,3640,2900,-1,melon
3586,2872,3615,2900,-1,melon
1468,2879,1496,2900,-1,melon
3653,2865,3683,2897,-1,melon
749,2858,789,2890,-1,melon
3957,2861,3990,2886,-1,melon
463,2856,488,2885,-1,melon
3905,2855,3935,2882,-1,melon
3631,2851,3659,2880,-1,melon
1478,2854,1506,2879,-1,melon
3604,2852,3628,2877,-1,melon
3931,2850,3964,2876,-1,melon
1862,2848,1884,2874,-1,melon
3879,2846,3906,2871,-1,melon
1530,2845,1557,2869,-1,melon
3954,2827,3987,2862,-1,melon
3915,2826,3947,2857,-1,melon
3617,2826,3647,2856,-1,melon
4242,2830,4276,2855,-1,melon
3652,2822,3686,2854,-1,melon
2888,2825,2913,2847,-1,melon
1099,2806,1141,2846,-1,melon
1534,2819,1562,2843,-1,melon
1515,2814,1538,2839,-1,melon
4263,2813,4299,2838,-1,melon
771,2804,802,2838,-1,melon
4239,2802,4269,2831,-1,melon
2134,2793,2167,2826,-1,melon
2884,2804,2905,2824,-1,melon
399,2792,426,2823,-1,melon
336,2789,362,2822,-1,melon
1553,2795,1580,2821,-1,melon
2182,2781,2211,2818,-1,melon
1851,2790,1878,2816,-1,melon
1890,2785,1912,2814,-1,melon
2850,2783,2877,2811,-1,melon
4261,2775,4291,2808,-1,melon
3657,2773,3689,2808,-1,melon
684,2777,720,2807,-1,melon
2996,2775,3019,2806,-1,melon
2750,2781,2771,2805,-1,melon
2209,2764,2233,2802,-1,melon
4618,2770,4641,2800,-1,melon
1143,2767,1168,2797,-1,melon
1859,2762,1884,2796,-1,melon
2868,2764,2891,2795,-1,melon
1911,2779,1923,2795,-1,melon
748,2761,779,2794,-1,melon
1840,2769,1860,2793,-1,melon
580,2754,611,2789,-1,melon
1816,2751,1842,2787,-1,melon
398,2761,436,2787,-1,melon
3276,2761,3296,2784,-1,melon
4000,2764,4024,2783,-1,melon
3295,2753,3321,2781,-1,melon
1881,2745,1907,2779,-1,melon
2132,2747,2165,2778,-1,melon
4229,2747,4260,2778,-1,melon
1840,2753,1868,2775,-1,melon
1124,2721,1159,2766,-1,melon
716,2738,747,2766,-1,melon
2958,2739,2985,2766,-1,melon
1829,2732,1859,2761,-1,melon
3273,2735,3297,2760,-1,melon
4307,2735,4337,2760,-1,melon
2353,2734,2377,2759,-1,melon
1857,2726,1885,2759,-1,melon
3245,2720,3278,2748,-1,melon
3289,2722,3311,2748,-1,melon
2124,2717,2156,2746,-1,melon
4256,2719,4291,2745,-1,melon
2173,2709,2204,2739,-1,melon
1874,2703,1905,2733,-1,melon
2222,2695,2251,2725,-1,melon
352,2694,379,2720,-1,melon
3197,2696,3220,2718,-1,melon
5301,2693,5326,2713,-1,melon
4250,2685,4288,2712,-1,melon
304,2680,334,2708,-1,melon
4603,2679,4632,2706,-1,melon
3283,2674,3299,2702,-1,melon
2189,2668,2211,2701,-1,melon
3213,2667,3240,2699,-1,melon
5293,2671,5322,2698,-1,melon
1922,2661,1949,2697,-1,melon
1828,2661,1855,2696,-1,melon
3302,2664,3327,2695,-1,melon
288,2666,311,2693,-1,melon
3247,2660,3272,2685,-1,melon
4591,2650,4623,2681,-1,melon
4623,2650,4652,2679,-1,melon
5260,2641,5295,2677,-1,melon
2167,2643,2197,2672,-1,melon
5294,2645,5330,2671,-1,melon
979,2635,1014,2671,-1,melon
750,2643,786,2670,-1,melon
2139,2645,2159,2669,-1,melon
429,2634,460,2664,-1,melon
2897,2646,2919,2664,-1,melon
3229,2627,3254,2658,-1,melon
3254,2631,3278,2658,-1,melon
5320,2632,5351,2653,-1,melon
4570,2619,4600,2651,-1,melon
1191,2627,1213,2650,-1,melon
5294,2617,5319,2647,-1,melon
5266,2616,5301,2647,-1,melon
2891,2618,2918,2646,-1,melon
3333,2612,3359,2641,-1,melon
2132,2615,2155,2639,-1,melon
2873,2615,2892,2637,-1,melon
5316,2600,5351,2634,-1,melon
4588,2598,4624,2628,-1,melon
3232,2602,3258,2627,-1,melon
2827,2595,2852,2620,-1,melon
5272,2585,5315,2618,-1,melon
2032,2586,2070,2617,-1,melon
4645,2583,4681,2613,-1,melon
4566,2579,4597,2612,-1,melon
1128,2574,1177,2610,-1,melon
237,2590,265,2610,-1,melon
1511,2586,1535,2610,-1,melon
3789,2591,3817,2609,-1,melon
4612,2580,4646,2607,-1,melon
5287,2550,5326,2593,-1,melon
750,2552,777,2579,-1,melon
318,2553,342,2578,-1,melon
489,2562,518,2577,-1,melon
702,2548,731,2577,-1,melon
2849,2543,2878,2572,-1,melon
5265,2534,5300,2569,-1,melon
4564,2533,4598,2567,-1,melon
2809,2542,2835,2567,-1,melon
255,2549,284,2566,-1,melon
5302,2524,5338,2558,-1,melon
4610,2539,4627,2554,-1,melon
4225,2520,4247,2550,-1,melon
1840,2531,1860,2547,-1,melon
5276,2509,5315,2544,-1,melon
4601,2507,4623,2532,-1,melon
4267,2497,4292,2523,-1,melon
5137,2486,5169,2520,-1,melon
320,2500,345,2515,-1,melon
4218,2470,4244,2505,-1,melon
2115,2471,2140,2499,-1,melon
1497,2452,1516,2489,-1,melon
4448,2469,4472,2487,-1,melon
685,2446,713,2476,-1,melon
302,2448,337,2475,-1,melon
1155,2432,1184,2460,-1,melon
2106,2421,2130,2445,-1,melon
303,2412,333,2441,-1,melon
1447,2416,1468,2440,-1,melon
2129,2414,2152,2440,-1,melon
1425,2414,1448,2439,-1,melon
1466,2417,1483,2435,-1,melon
336,2409,374,2432,-1,melon
1142,2384,1176,2418,-1,melon
418,2387,449,2407,-1,melon
2113,2375,2139,2400,-1,melon
312,2373,333,2400,-1,melon
1424,2367,1449,2387,-1,melon
2856,2353,2885,2382,-1,melon
211,2355,244,2379,-1,melon
1808,2355,1841,2379,-1,melon
5294,2345,5326,2376,-1,melon
2142,2350,2167,2376,-1,melon
2109,2348,2137,2375,-1,melon
3866,2332,3893,2358,-1,melon
1846,2319,1874,2357,-1,melon
2159,2326,2184,2352,-1,melon
1825,2315,1849,2345,-1,melon
663,2324,690,2343,-1,melon
1244,2320,1265,2341,-1,melon
368,2318,394,2336,-1,melon
2091,2301,2123,2334,-1,melon
1799,2305,1828,2329,-1,melon
1835,2294,1860,2326,-1,melon
1806,2266,1838,2306,-1,melon
246,2273,274,2304,-1,melon
1844,2270,1874,2304,-1,melon
3000,2275,3023,2299,-1,melon
365,2275,400,2294,-1,melon
1878,2266,1902,2292,-1,melon
2096,2261,2122,2287,-1,melon
1829,2247,1861,2283,-1,melon
707,2259,735,2282,-1,melon
1816,2240,1840,2266,-1,melon
719,2235,752,2264,-1,melon
1782,2232,1821,2261,-1,melon
3207,2223,3240,2255,-1,melon
1837,2219,1862,2249,-1,melon
2074,2223,2104,2249,-1,melon
3181,2225,3209,2246,-1,melon
354,2218,397,2245,-1,melon
1786,2206,1816,2241,-1,melon
180,2216,203,2237,-1,melon
725,2206,756,2237,-1,melon
2099,2212,2124,2235,-1,melon
1811,2206,1844,2233,-1,melon
3193,2203,3223,2230,-1,melon
2090,2190,2116,2218,-1,melon
2157,2187,2182,2215,-1,melon
2797,2193,2823,2215,-1,melon
3258,2188,3282,2215,-1,melon
1801,2182,1828,2210,-1,melon
2854,2185,2883,2207,-1,melon
3225,2185,3258,2207,-1,melon
2779,2172,2809,2201,-1,melon
2826,2177,2852,2200,-1,melon
2993,2173,3020,2199,-1,melon
3176,2172,3203,2194,-1,melon
1819,2166,1849,2190,-1,melon
3309,2167,3327,2187,-1,melon
2107,2152,2131,2181,-1,melon
3569,2146,3597,2172,-1,melon
2822,2139,2849,2167,-1,melon
2791,2139,2819,2166,-1,melon
2849,2134,2874,2165,-1,melon
4262,2124,4287,2161,-1,melon
3546,2134,3576,2161,-1,melon
2239,2135,2265,2159,-1,melon
4538,2131,4561,2154,-1,melon
3532,2122,3558,2146,-1,melon
4596,2117,4629,2146,-1,melon
4632,2114,4668,2144,-1,melon
862,2126,886,2144,-1,melon
2806,2114,2836,2143,-1,melon
4198,2113,4216,2140,-1,melon
3552,2109,3582,2135,-1,melon
4234,2103,4262,2135,-1,melon
3581,2113,3606,2133,-1,melon
712,2108,745,2133,-1,melon
244,2096,270,2129,-1,melon
315,2090,342,2129,-1,melon
2783,2103,2809,2129,-1,melon
2843,2095,2871,2125,-1,melon
3529,2096,3557,2124,-1,melon
3243,2094,3266,2117,-1,melon
2800,2087,2824,2115,-1,melon
2823,2088,2847,2112,-1,melon
3552,2084,3581,2110,-1,melon
2715,2084,2733,2102,-1,melon
705,2057,737,2083,-1,melon
3574,2056,3600,2082,-1,melon
1418,2050,1443,2080,-1,melon
3535,2039,3564,2066,-1,melon
1438,2044,1467,2066,-1,melon
1106,2022,1127,2049,-1,melon
1407,2017,1435,2047,-1,melon
2286,2011,2315,2039,-1,melon
394,2007,434,2032,-1,melon
4575,1986,4603,2023,-1,melon
1403,1995,1430,2020,-1,melon
4537,1990,4568,2017,-1,melon
1452,1991,1487,2015,-1,melon
669,1981,703,2012,-1,melon
1392,1983,1418,2009,-1,melon
1475,1974,1498,1998,-1,melon
1410,1970,1438,1996,-1,melon
1369,1974,1390,1994,-1,melon
2129,1962,2157,1991,-1,melon
3307,1965,3331,1987,-1,melon
2089,1963,2118,1987,-1,melon
2013,1954,2039,1980,-1,melon
1387,1956,1416,1980,-1,melon
1431,1947,1458,1977,-1,melon
2925,1942,2953,1972,-1,melon
353,1930,386,1969,-1,melon
2643,1945,2667,1968,-1,melon
2908,1948,2925,1966,-1,melon
4235,1936,4255,1963,-1,melon
3301,1945,3325,1963,-1,melon
2126,1931,2156,1961,-1,melon
2751,1935,2776,1959,-1,melon
424,1933,463,1958,-1,melon
1083,1917,1134,1956,-1,melon
1400,1927,1432,1953,-1,melon
3787,1921,3823,1950,-1,melon
1430,1925,1459,1950,-1,melon
4247,1922,4277,1949,-1,melon
1457,1918,1487,1948,-1,melon
1778,1920,1818,1946,-1,melon
717,1906,749,1939,-1,melon
3833,1916,3866,1938,-1,melon
2738,1908,2768,1938,-1,melon
668,1907,702,1936,-1,melon
2769,1905,2799,1931,-1,melon
3809,1895,3836,1928,-1,melon
3788,1886,3812,1920,-1,melon
358,1880,389,1916,-1,melon
1800,1885,1825,1915,-1,melon
397,1880,425,1913,-1,melon
1824,1882,1846,1913,-1,melon
1444,1890,1464,1910,-1,melon
2788,1884,2812,1909,-1,melon
1775,1875,1802,1907,-1,melon
3860,1872,3890,1903,-1,melon
2830,1875,2849,1896,-1,melon
1582,1878,1604,1895,-1,melon
2073,1865,2100,1892,-1,melon
3888,1864,3906,1892,-1,melon
5278,1863,5308,1891,-1,melon
4223,1862,4261,1890,-1,melon
2122,1870,2142,1890,-1,melon
3673,1869,3691,1890,-1,melon
715,1862,746,1889,-1,melon
3781,1854,3813,1888,-1,melon
1797,1859,1819,1886,-1,melon
5245,1857,5274,1883,-1,melon
3687,1852,3716,1882,-1,melon
2165,1850,2193,1881,-1,melon
1761,1851,1799,1878,-1,melon
3854,1851,3874,1873,-1,melon
638,1845,670,1873,-1,melon
4172,1855,4193,1872,-1,melon
5276,1840,5303,1867,-1,melon
2134,1839,2161,1865,-1,melon
3836,1830,3861,1858,-1,melon
2218,1833,2241,1858,-1,melon
1779,1828,1808,1856,-1,melon
403,1821,432,1855,-1,melon
1807,1827,1839,1852,-1,melon
3859,1829,3889,1851,-1,melon
5256,1831,5285,1851,-1,melon
2796,1817,2823,1846,-1,melon
1046,1821,1094,1842,-1,melon
686,1815,722,1841,-1,melon
2133,1818,2161,1840,-1,melon
3808,1821,3838,1840,-1,melon
1836,1813,1866,1838,-1,melon
3002,1811,3024,1837,-1,melon
3677,1813,3702,1836,-1,melon
5320,1807,5346,1834,-1,melon
3836,1805,3861,1832,-1,melon
3858,1808,3885,1832,-1,melon
645,1801,676,1826,-1,melon
2828,1802,2854,1825,-1,melon
2097,1799,2124,1824,-1,melon
406,1790,448,1823,-1,melon
2071,1794,2098,1823,-1,melon
1794,1797,1815,1822,-1,melon
3878,1794,3908,1820,-1,melon
3688,1794,3723,1818,-1,melon
1764,1782,1792,1807,-1,melon
3859,1786,3883,1806,-1,melon
1815,1781,1846,1806,-1,melon
4164,1767,4190,1805,-1,melon
3674,1775,3700,1803,-1,melon
3174,1773,3207,1802,-1,melon
2054,1772,2080,1802,-1,melon
1115,1764,1139,1799,-1,melon
3783,1774,3810,1799,-1,melon
3812,1769,3840,1794,-1,melon
2124,1764,2153,1791,-1,melon
2760,1766,2780,1790,-1,melon
1779,1771,1806,1790,-1,melon
228,1757,257,1790,-1,melon
5255,1752,5284,1786,-1,melon
1804,1759,1840,1784,-1,melon
180,1755,209,1778,-1,melon
3794,1753,3822,1777,-1,melon
5210,1746,5242,1775,-1,melon
3187,1751,3211,1775,-1,melon
1790,1736,1814,1772,-1,melon
4160,1745,4188,1768,-1,melon
3213,1744,3243,1768,-1,melon
641,1724,680,1762,-1,melon
2813,1730,2843,1761,-1,melon
5269,1733,5302,1760,-1,melon
232,1717,270,1757,-1,melon
1763,1722,1788,1756,-1,melon
4624,1735,4641,1754,-1,melon
1095,1717,1125,1754,-1,melon
4149,1714,4187,1752,-1,melon
4561,1717,4588,1750,-1,melon
993,1711,1035,1749,-1,melon
2836,1711,2861,1741,-1,melon
1156,1718,1176,1740,-1,melon
1793,1717,1824,1737,-1,melon
5183,1703,5214,1734,-1,melon
937,1690,971,1729,-1,melon
2736,1701,2757,1728,-1,melon
5212,1698,5243,1727,-1,melon
1784,1685,1813,1722,-1,melon
4564,1686,4601,1720,-1,melon
2768,1692,2786,1713,-1,melon
4141,1674,4173,1712,-1,melon
2067,1687,2093,1711,-1,melon
5238,1686,5265,1709,-1,melon
4532,1680,4560,1702,-1,melon
5185,1679,5218,1701,-1,melon
4203,1667,4232,1699,-1,melon
2741,1669,2766,1698,-1,melon
5269,1667,5294,1697,-1,melon
5246,1657,5279,1693,-1,melon
203,1654,232,1691,-1,melon
4508,1659,4540,1688,-1,melon
5221,1654,5245,1684,-1,melon
5190,1646,5230,1680,-1,melon
1413,1657,1439,1677,-1,melon
4562,1648,4597,1676,-1,melon
4186,1649,4213,1672,-1,melon
1016,1639,1063,1668,-1,melon
5231,1634,5264,1663,-1,melon
2047,1639,2074,1663,-1,melon
2126,1635,2154,1661,-1,melon
616,1621,650,1655,-1,melon
4553,1624,4579,1655,-1,melon
2186,1628,2210,1653,-1,melon
3991,1628,4013,1649,-1,melon
2106,1622,2133,1646,-1,melon
2160,1621,2185,1646,-1,melon
692,1611,727,1642,-1,melon
2070,1615,2097,1641,-1,melon
4702,1623,4720,1640,-1,melon
5239,1614,5274,1638,-1,melon
315,1608,347,1637,-1,melon
4573,1607,4615,1637,-1,melon
2750,1611,2772,1635,-1,melon
4534,1602,4567,1629,-1,melon
5154,1606,5176,1627,-1,melon
2716,1593,2750,1626,-1,melon
5215,1595,5250,1623,-1,melon
5240,1588,5275,1615,-1,melon
1105,1576,1139,1613,-1,melon
583,1583,621,1612,-1,melon
4556,1583,4593,1609,-1,melon
174,1570,213,1599,-1,melon
2208,1582,2227,1599,-1,melon
682,1562,721,1599,-1,melon
2070,1570,2095,1594,-1,melon
2790,1567,2820,1594,-1,melon
4695,1555,4718,1577,-1,melon
2029,1549,2056,1576,-1,melon
5185,1537,5225,1571,-1,melon
2058,1536,2083,1563,-1,melon
1069,1522,1102,1559,-1,melon
3297,1528,3321,1554,-1,melon
2088,1525,2112,1547,-1,melon
676,1511,711,1545,-1,melon
994,1477,1034,1512,-1,melon
210,1481,240,1508,-1,melon
2791,1479,2819,1506,-1,melon
2092,1478,2119,1505,-1,melon
287,1465,327,1493,-1,melon
2848,1474,2866,1493,-1,melon
236,1465,270,1489,-1,melon
329,1453,363,1486,-1,melon
2095,1457,2123,1479,-1,melon
1759,1457,1792,1474,-1,melon
2711,1442,2737,1469,-1,melon
2047,1436,2071,1464,-1,melon
2077,1442,2098,1463,-1,melon
232,1434,274,1461,-1,melon
1744,1415,1774,1451,-1,melon
1814,1408,1843,1440,-1,melon
311,1400,351,1436,-1,melon
1772,1407,1809,1431,-1,melon
1998,1407,2024,1431,-1,melon
2647,1400,2672,1427,-1,melon
2831,1394,2855,1422,-1,melon
669,1389,700,1418,-1,melon
1745,1395,1773,1417,-1,melon
1795,1392,1823,1414,-1,melon
2993,1385,3020,1412,-1,melon
1766,1376,1794,1408,-1,melon
1737,1370,1768,1404,-1,melon
2937,1384,2960,1404,-1,melon
3141,1377,3164,1403,-1,melon
2018,1367,2046,1396,-1,melon
2901,1372,2923,1395,-1,melon
2108,1362,2138,1395,-1,melon
3293,1368,3317,1395,-1,melon
1784,1364,1812,1392,-1,melon
181,1359,215,1390,-1,melon
2832,1365,2856,1390,-1,melon
5316,1350,5349,1384,-1,melon
2043,1352,2073,1380,-1,melon
1761,1358,1782,1377,-1,melon
2698,1352,2727,1376,-1,melon
1736,1350,1761,1373,-1,melon
2857,1340,2880,1365,-1,melon
3162,1326,3190,1355,-1,melon
2786,1334,2808,1355,-1,melon
3265,1324,3289,1347,-1,melon
2020,1316,2049,1346,-1,melon
1736,1321,1774,1343,-1,melon
3123,1310,3153,1339,-1,melon
3150,1296,3183,1331,-1,melon
1398,1305,1419,1327,-1,melon
1727,1291,1761,1324,-1,melon
1755,1292,1799,1322,-1,melon
2043,1288,2071,1319,-1,melon
2098,1286,2128,1317,-1,melon
2726,1292,2751,1317,-1,melon
311,1291,344,1315,-1,melon
3107,1290,3133,1313,-1,melon
218,1282,263,1313,-1,melon
2023,1289,2045,1312,-1,melon
3534,1275,3569,1311,-1,melon
4555,1279,4576,1306,-1,melon
3884,1273,3910,1302,-1,melon
3493,1270,3527,1302,-1,melon
1480,1283,1499,1300,-1,melon
629,1269,664,1297,-1,melon
3112,1263,3149,1295,-1,melon
1363,1269,1389,1293,-1,melon
1765,1263,1802,1292,-1,melon
3187,1258,3211,1289,-1,melon
3149,1254,3182,1285,-1,melon
1397,1268,1411,1282,-1,melon
3901,1256,3927,1281,-1,melon
5329,1259,5355,1278,-1,melon
1726,1251,1749,1276,-1,melon
1348,1250,1370,1271,-1,melon
1370,1249,1394,1270,-1,melon
3130,1244,3158,1267,-1,melon
2779,1229,2808,1264,-1,melon
2807,1235,2828,1262,-1,melon
5303,1242,5327,1260,-1,melon
3529,1228,3561,1260,-1,melon
3097,1235,3120,1259,-1,melon
1111,1222,1138,1258,-1,melon
2086,1229,2113,1254,-1,melon
3152,1227,3179,1253,-1,melon
2746,1228,2780,1252,-1,melon
3322,1220,3358,1252,-1,melon
1356,1228,1381,1249,-1,melon
3496,1218,3533,1248,-1,melon
2069,1222,2090,1247,-1,melon
1437,1222,1461,1245,-1,melon
3132,1219,3159,1241,-1,melon
2944,1218,2967,1238,-1,melon
299,1207,331,1238,-1,melon
2122,1209,2150,1237,-1,melon
2774,1206,2800,1232,-1,melon
2736,1202,2780,1230,-1,melon
3524,1187,3565,1225,-1,melon
3916,1198,3948,1224,-1,melon
3172,1196,3194,1223,-1,melon
2084,1193,2108,1216,-1,melon
3493,1182,3525,1216,-1,melon
1021,1186,1054,1216,-1,melon
2790,1187,2811,1213,-1,melon
3121,1192,3152,1210,-1,melon
2762,1178,2780,1208,-1,melon
2741,1168,2770,1203,-1,melon
2136,1168,2174,1200,-1,melon
1387,1177,1414,1199,-1,melon
4534,1173,4554,1195,-1,melon
1415,1171,1432,1192,-1,melon
1348,1165,1369,1186,-1,melon
2772,1156,2802,1184,-1,melon
3495,1147,3531,1178,-1,melon
2753,1147,2780,1174,-1,melon
3150,1156,3167,1173,-1,melon
1429,1149,1454,1172,-1,melon
1413,1153,1431,1172,-1,melon
3019,1139,3048,1170,-1,melon
3444,1140,3477,1170,-1,melon
4526,1131,4563,1162,-1,melon
226,1128,256,1158,-1,melon
1354,1132,1380,1156,-1,melon
2738,1121,2766,1156,-1,melon
1414,1133,1436,1154,-1,melon
3514,1122,3548,1154,-1,melon
3635,1120,3670,1150,-1,melon
1393,1126,1413,1146,-1,melon
3438,1108,3471,1143,-1,melon
1370,1121,1390,1139,-1,melon
3546,1114,3575,1139,-1,melon
3492,1096,3528,1129,-1,melon
1356,1104,1381,1125,-1,melon
195,1093,241,1121,-1,melon
3455,1093,3496,1120,-1,melon
689,1092,720,1119,-1,melon
3523,1093,3561,1117,-1,melon
5167,1076,5201,1107,-1,melon
1403,1093,1425,1102,-1,melon
1403,1083,1425,1100,-1,melon
625,1072,655,1100,-1,melon
3128,1071,3153,1092,-1,melon
4087,1064,4118,1091,-1,melon
3460,1060,3496,1091,-1,melon
4125,1061,4154,1090,-1,melon
5190,1054,5226,1090,-1,melon
358,1061,387,1086,-1,melon
2044,1053,2079,1083,-1,melon
4070,1040,4103,1072,-1,melon
184,1039,225,1068,-1,melon
4107,1039,4137,1068,-1,melon
4498,1019,4528,1053,-1,melon
124,1030,152,1052,-1,melon
4524,1015,4551,1049,-1,melon
334,1014,368,1047,-1,melon
600,1008,639,1045,-1,melon
4114,1020,4149,1045,-1,melon
671,1009,707,1043,-1,melon
2227,1017,2255,1043,-1,melon
4076,1015,4106,1042,-1,melon
5167,1010,5198,1038,-1,melon
1686,997,1722,1034,-1,melon
4099,1004,4131,1031,-1,melon
4158,992,4189,1024,-1,melon
277,994,313,1022,-1,melon
2884,982,2908,1011,-1,melon
1700,982,1730,1008,-1,melon
4104,985,4139,1005,-1,melon
2026,978,2055,1004,-1,melon
297,980,331,1003,-1,melon
3716,970,3749,997,-1,melon
4156,962,4187,990,-1,melon
1683,965,1710,989,-1,melon
589,962,618,988,-1,melon
1728,961,1758,988,-1,melon
3755,957,3788,984,-1,melon
162,962,188,983,-1,melon
2019,953,2050,982,-1,melon
1712,959,1736,980,-1,melon
3790,951,3823,979,-1,melon
5128,949,5162,974,-1,melon
1978,940,2005,969,-1,melon
1681,938,1710,962,-1,melon
4140,934,4171,961,-1,melon
1717,935,1734,960,-1,melon
4110,930,4142,959,-1,melon
2000,924,2030,958,-1,melon
2060,921,2088,957,-1,melon
2032,931,2056,957,-1,melon
5165,922,5200,953,-1,melon
3136,930,3158,952,-1,melon
124,928,158,950,-1,melon
1691,920,1722,949,-1,melon
3747,923,3782,949,-1,melon
1027,914,1054,948,-1,melon
3155,909,3183,940,-1,melon
3090,907,3121,940,-1,melon
3778,911,3807,939,-1,melon
3121,920,3137,937,-1,melon
1702,908,1734,933,-1,melon
2018,898,2048,932,-1,melon
1989,906,2016,931,-1,melon
3065,906,3091,929,-1,melon
1054,899,1082,929,-1,melon
3442,908,3456,928,-1,melon
591,896,623,926,-1,melon
5182,895,5217,926,-1,melon
3740,899,3776,925,-1,melon
1735,893,1762,925,-1,melon
3615,899,3637,920,-1,melon
3116,894,3137,920,-1,melon
1007,885,1039,919,-1,melon
3141,889,3173,918,-1,melon
1689,894,1718,917,-1,melon
5160,883,5187,914,-1,melon
1999,884,2031,913,-1,melon
4697,891,4717,911,-1,melon
3094,880,3121,908,-1,melon
2044,884,2069,908,-1,melon
2671,879,2703,905,-1,melon
1721,869,1746,903,-1,melon
3124,873,3155,901,-1,melon
1694,860,1722,897,-1,melon
1754,869,1781,894,-1,melon
5222,856,5247,883,-1,melon
3136,854,3157,876,-1,melon
2774,847,2796,870,-1,melon
1728,839,1766,867,-1,melon
3627,844,3650,864,-1,melon
1867,828,1896,860,-1,melon
3123,828,3153,859,-1,melon
2753,828,2780,858,-1,melon
4103,835,4124,853,-1,melon
2618,830,2637,849,-1,melon
1719,813,1746,847,-1,melon
3103,818,3129,845,-1,melon
5244,813,5276,840,-1,melon
1686,812,1721,838,-1,melon
183,805,229,838,-1,melon
2738,810,2762,837,-1,melon
2763,811,2781,827,-1,melon
3086,798,3112,826,-1,melon
3124,803,3152,826,-1,melon
5433,806,5457,826,-1,melon
588,797,617,825,-1,melon
2704,796,2734,825,-1,melon
5164,791,5200,821,-1,melon
1692,784,1727,814,-1,melon
2670,792,2690,811,-1,melon
2748,782,2772,810,-1,melon
4095,773,4120,809,-1,melon
185,779,219,805,-1,melon
3103,779,3131,805,-1,melon
2719,772,2744,804,-1,melon
5154,767,5190,799,-1,melon
3144,771,3171,798,-1,melon
5188,764,5218,797,-1,melon
214,750,250,793,-1,melon
5128,761,5166,788,-1,melon
2705,760,2729,787,-1,melon
3124,751,3154,783,-1,melon
636,755,668,782,-1,melon
517,746,554,777,-1,melon
2739,748,2760,773,-1,melon
2689,754,2707,773,-1,melon
5144,744,5178,768,-1,melon
5176,738,5207,765,-1,melon
5111,730,5143,761,-1,melon
986,733,1016,758,-1,melon
2717,737,2743,758,-1,melon
2702,729,2725,748,-1,melon
5151,729,5189,745,-1,melon
5188,710,5215,742,-1,melon
186,705,230,742,-1,melon
5128,701,5160,731,-1,melon
1355,694,1392,727,-1,melon
5157,690,5190,726,-1,melon
3868,706,3890,726,-1,melon
3905,689,3936,711,-1,melon
643,679,673,709,-1,melon
1364,679,1396,702,-1,melon
4508,656,4536,683,-1,melon
993,648,1029,676,-1,melon
152,622,188,657,-1,melon
2739,636,2759,657,-1,melon
584,626,618,653,-1,melon
4453,621,4489,650,-1,melon
173,612,215,648,-1,melon
562,611,590,639,-1,melon
2669,604,2698,631,-1,melon
1580,596,1612,630,-1,melon
605,595,632,626,-1,melon
5253,590,5280,625,-1,melon
147,584,180,619,-1,melon
5231,577,5256,613,-1,melon
1369,580,1403,611,-1,melon
1991,559,2028,592,-1,melon
622,552,649,585,-1,melon
2025,543,2060,578,-1,melon
4075,551,4103,575,-1,melon
5272,534,5300,565,-1,melon
2088,539,2105,557,-1,melon
1997,519,2032,548,-1,melon
2040,498,2070,535,-1,melon
1960,500,1988,534,-1,melon
116,498,154,532,-1,melon
5234,500,5266,529,-1,melon
2002,487,2033,520,-1,melon
2837,475,2863,503,-1,melon
5094,472,5124,502,-1,melon
2189,473,2205,500,-1,melon
1700,466,1736,496,-1,melon
1962,466,1988,495,-1,melon
4526,456,4552,484,-1,melon
1672,442,1705,484,-1,melon
2830,444,2860,478,-1,melon
3067,450,3096,477,-1,melon
3044,443,3069,475,-1,melon
1995,436,2021,465,-1,melon
1961,431,1992,465,-1,melon
562,428,592,463,-1,melon
5132,431,5160,459,-1,melon
616,418,651,453,-1,melon
3074,420,3102,451,-1,melon
2682,425,2702,450,-1,melon
3053,414,3078,438,-1,melon
3101,412,3124,437,-1,melon
2736,401,2761,436,-1,melon
2017,405,2046,434,-1,melon
1982,402,2013,429,-1,melon
2703,403,2729,429,-1,melon
630,388,669,422,-1,melon
3082,391,3109,421,-1,melon
3051,391,3074,415,-1,melon
1335,380,1365,413,-1,melon
2167,384,2197,412,-1,melon
1651,378,1689,410,-1,melon
274,368,317,408,-1,melon
2691,377,2725,407,-1,melon
5137,370,5166,402,-1,melon
3102,370,3125,397,-1,melon
3077,371,3104,395,-1,melon
5101,365,5140,395,-1,melon
2665,368,2689,394,-1,melon
3055,368,3079,393,-1,melon
3121,365,3144,389,-1,melon
1353,365,1381,388,-1,melon
1683,365,1720,388,-1,melon
2681,365,2709,384,-1,melon
1321,351,1359,383,-1,melon
2716,350,2740,381,-1,melon
3090,357,3111,376,-1,melon
3071,353,3090,374,-1,melon
108,341,141,371,-1,melon
2634,343,2660,371,-1,melon
1310,343,1335,369,-1,melon
3081,338,3104,365,-1,melon
3044,343,3070,365,-1,melon
3131,340,3151,364,-1,melon
5129,329,5167,362,-1,melon
92,326,121,359,-1,melon
189,325,227,357,-1,melon
579,324,609,355,-1,melon
3063,329,3087,355,-1,melon
1334,321,1364,351,-1,melon
1665,320,1686,347,-1,melon
4445,313,4481,347,-1,melon
143,315,178,347,-1,melon
2663,320,2691,347,-1,melon
4481,310,4511,343,-1,melon
1687,310,1718,340,-1,melon
3109,322,3126,339,-1,melon
3078,318,3098,338,-1,melon
3392,307,3422,336,-1,melon
3096,315,3115,335,-1,melon
112,304,142,334,-1,melon
1001,298,1026,333,-1,melon
2691,301,2719,331,-1,melon
3162,307,3184,330,-1,melon
3420,300,3444,329,-1,melon
4532,297,4556,327,-1,melon
5438,290,5469,325,-1,melon
1659,305,1685,324,-1,melon
3072,296,3095,320,-1,melon
2666,290,2693,319,-1,melon
1694,288,1724,314,-1,melon
1667,281,1696,307,-1,melon
238,270,276,303,-1,melon
3079,276,3098,295,-1,melon
3416,259,3443,293,-1,melon
2687,266,2712,292,-1,melon
2660,261,2686,291,-1,melon
1357,253,1386,289,-1,melon
3073,261,3090,280,-1,melon
606,246,640,280,-1,melon
1464,245,1495,278,-1,melon
3391,251,3411,274,-1,melon
1297,237,1331,267,-1,melon
557,237,604,261,-1,melon
2704,234,2725,257,-1,melon
1214,234,1241,255,-1,melon
2590,231,2612,255,-1,melon
3407,224,3436,253,-1,melon
1340,209,1380,242,-1,melon
1542,206,1566,233,-1,melon
1317,200,1345,231,-1,melon
1885,204,1914,227,-1,melon
1572,202,1597,226,-1,melon
3416,182,3451,218,-1,melon
914,179,952,217,-1,melon
214,170,246,213,-1,melon
1348,172,1379,209,-1,melon
3036,180,3056,202,-1,melon
4994,163,5038,199,-1,melon
2103,174,2122,195,-1,melon
67,156,99,185,-1,melon
935,153,973,182,-1,melon
4484,146,4521,179,-1,melon
5443,143,5469,169,-1,melon
4463,136,4490,169,-1,melon
78,130,108,163,-1,melon
1143,118,1163,141,-1,melon
592,116,625,141,-1,melon
4511,102,4541,135,-1,melon
5415,102,5447,134,-1,melon
4462,95,4488,127,-1,melon
349,89,386,118,-1,melon
2768,71,2790,99,-1,melon
5427,54,5453,94,-1,melon
986,53,1019,92,-1,melon
292,55,337,90,-1,melon
5090,51,5120,87,-1,melon
548,50,579,84,-1,melon
4441,44,4473,78,-1,melon
117,31,168,77,-1,melon
1993,54,2015,76,-1,melon
1964,54,1988,76,-1,melon
2038,48,2065,75,-1,melon
221,37,275,73,-1,melon
5038,35,5088,72,-1,melon
1836,43,1856,68,-1,melon
4414,38,4446,64,-1,melon
1981,45,1999,63,-1,melon
2097,28,2125,61,-1,melon
2015,21,2045,59,-1,melon
4078,17,4113,58,-1,melon
1958,24,1985,54,-1,melon
1670,22,1710,51,-1,melon
1979,17,2012,47,-1,melon
548,12,574,44,-1,melon
5143,10,5176,41,-1,melon
3082,7,3109,39,-1,melon
1652,4,1681,39,-1,melon
5095,4,5130,37,-1,melon
1959,4,1984,30,-1,melon
4489,1,4516,28,-1,melon
2007,1,2045,24,-1,melon
1920,1,1946,21,-1,melon
1980,1,2002,18,-1,melon
2090,1,2121,14,-1,melon
