xmin_original,ymin_original,xmax_original,ymax_original,score,class
1842,3609,1868,3640,-1,melon
1207,3607,1248,3640,-1,melon
3217,3608,3241,3637,-1,melon
3998,3599,4036,3635,-1,melon
681,3604,722,3634,-1,melon
1860,3602,1891,3628,-1,melon
2894,3579,2922,3623,-1,melon
4222,3588,4258,3619,-1,melon
1141,3569,1186,3619,-1,melon
122,3578,160,3618,-1,melon
4304,3576,4333,3617,-1,melon
1822,3585,1851,3615,-1,melon
2597,3576,2623,3601,-1,melon
65,3568,100,3599,-1,melon
2918,3570,2955,3598,-1,melon
3219,3568,3247,3596,-1,melon
452,3560,473,3594,-1,melon
1889,3561,1916,3590,-1,melon
2577,3553,2603,3589,-1,melon
772,3545,808,3586,-1,melon
1199,3531,1233,3580,-1,melon
3940,3555,3966,3580,-1,melon
2944,3536,2976,3579,-1,melon
1556,3545,1597,3577,-1,melon
2598,3548,2624,3575,-1,melon
3200,3546,3220,3575,-1,melon
3265,3551,3289,3573,-1,melon
90,3537,117,3572,-1,melon
2415,3555,2433,3571,-1,melon
126,3541,169,3570,-1,melon
3221,3541,3244,3564,-1,melon
3285,3526,3319,3559,-1,melon
4291,3528,4315,3558,-1,melon
1528,3524,1554,3554,-1,melon
2538,3520,2570,3550,-1,melon
2898,3502,2924,3545,-1,melon
3223,3521,3243,3541,-1,melon
2962,3496,2992,3540,-1,melon
1549,3510,1588,3538,-1,melon
1126,3492,1171,3536,-1,melon
2575,3514,2591,3536,-1,melon
155,3510,189,3536,-1,melon
447,3494,477,3533,-1,melon
57,3505,90,3527,-1,melon
3952,3484,3978,3526,-1,melon
1494,3484,1527,3518,-1,melon
3986,3483,4014,3518,-1,melon
2558,3476,2584,3510,-1,melon
66,3466,98,3505,-1,melon
784,3456,817,3503,-1,melon
1458,3473,1497,3502,-1,melon
686,3454,718,3497,-1,melon
1174,3464,1211,3497,-1,melon
482,3462,518,3491,-1,melon
3943,3441,3967,3474,-1,melon
1909,3432,1936,3469,-1,melon
449,3437,484,3468,-1,melon
2573,3437,2600,3468,-1,melon
741,3429,776,3466,-1,melon
485,3427,515,3462,-1,melon
2917,3421,2943,3455,-1,melon
1207,3414,1242,3450,-1,melon
2657,3423,2688,3450,-1,melon
3967,3409,3992,3449,-1,melon
1860,3423,1886,3445,-1,melon
2929,3394,2966,3443,-1,melon
458,3403,508,3437,-1,melon
2879,3391,2915,3436,-1,melon
1484,3403,1517,3431,-1,melon
2544,3394,2578,3429,-1,melon
3714,3402,3739,3429,-1,melon
1809,3395,1845,3421,-1,melon
2576,3393,2599,3418,-1,melon
1455,3389,1478,3408,-1,melon
1788,3373,1819,3398,-1,melon
2943,3362,2974,3398,-1,melon
2435,3366,2463,3395,-1,melon
1115,3358,1156,3392,-1,melon
132,3356,162,3391,-1,melon
818,3353,854,3389,-1,melon
3699,3364,3721,3388,-1,melon
3207,3358,3229,3387,-1,melon
1876,3350,1917,3373,-1,melon
50,3343,84,3370,-1,melon
1621,3332,1655,3363,-1,melon
2560,3332,2597,3362,-1,melon
79,3340,107,3362,-1,melon
2868,3330,2913,3360,-1,melon
2005,3339,2026,3357,-1,melon
1192,3306,1223,3353,-1,melon
1889,3315,1916,3352,-1,melon
3606,3327,3627,3349,-1,melon
3273,3319,3299,3347,-1,melon
1517,3326,1543,3346,-1,melon
489,3301,525,3335,-1,melon
72,3296,103,3332,-1,melon
3196,3300,3220,3328,-1,melon
1926,3301,1949,3327,-1,melon
1121,3298,1174,3326,-1,melon
1496,3290,1528,3326,-1,melon
1536,3289,1563,3321,-1,melon
1900,3293,1923,3321,-1,melon
2971,3290,3009,3319,-1,melon
1628,3284,1659,3315,-1,melon
2507,3282,2533,3312,-1,melon
3612,3288,3635,3312,-1,melon
3871,3255,3903,3306,-1,melon
1153,3276,1185,3303,-1,melon
101,3268,141,3301,-1,melon
2874,3247,2906,3293,-1,melon
3450,3267,3475,3293,-1,melon
1903,3256,1932,3290,-1,melon
1475,3249,1515,3281,-1,melon
2939,3238,2971,3281,-1,melon
3462,3248,3491,3277,-1,melon
3725,3245,3754,3274,-1,melon
482,3247,515,3273,-1,melon
1871,3247,1898,3271,-1,melon
2563,3247,2587,3269,-1,melon
3180,3247,3205,3265,-1,melon
1205,3221,1243,3261,-1,melon
448,3225,478,3250,-1,melon
502,3213,531,3249,-1,melon
3268,3223,3293,3249,-1,melon
49,3212,88,3246,-1,melon
136,3196,168,3236,-1,melon
3976,3187,4025,3232,-1,melon
3283,3195,3306,3228,-1,melon
99,3196,126,3225,-1,melon
1197,3178,1238,3221,-1,melon
3877,3179,3921,3215,-1,melon
1521,3183,1561,3214,-1,melon
1439,3180,1479,3214,-1,melon
3165,3188,3187,3212,-1,melon
1565,3179,1608,3209,-1,melon
82,3163,128,3197,-1,melon
52,3152,85,3193,-1,melon
2869,3153,2895,3186,-1,melon
2967,3141,2995,3183,-1,melon
780,3149,812,3179,-1,melon
1841,3152,1871,3178,-1,melon
2905,3147,2948,3177,-1,melon
489,3148,530,3173,-1,melon
3948,3133,3972,3172,-1,melon
809,3138,842,3169,-1,melon
2588,3131,2613,3168,-1,melon
3222,3141,3246,3166,-1,melon
1240,3138,1282,3165,-1,melon
3145,3130,3170,3161,-1,melon
456,3127,485,3160,-1,melon
727,3129,768,3157,-1,melon
1892,3113,1917,3151,-1,melon
1137,3123,1178,3150,-1,melon
1868,3126,1895,3148,-1,melon
75,3103,112,3147,-1,melon
1851,3108,1872,3144,-1,melon
1934,3116,1966,3143,-1,melon
3216,3116,3244,3142,-1,melon
3939,3093,3962,3137,-1,melon
1153,3092,1198,3128,-1,melon
724,3102,762,3128,-1,melon
1867,3096,1904,3119,-1,melon
477,3084,512,3116,-1,melon
3623,3088,3644,3111,-1,melon
2949,3077,2982,3109,-1,melon
71,3071,110,3109,-1,melon
3246,3081,3266,3102,-1,melon
1867,3071,1905,3098,-1,melon
132,3052,165,3090,-1,melon
1221,3066,1267,3089,-1,melon
1838,3058,1868,3084,-1,melon
2736,3050,2766,3078,-1,melon
2711,3053,2735,3077,-1,melon
1189,3044,1229,3070,-1,melon
3891,3024,3932,3067,-1,melon
53,3024,82,3067,-1,melon
1122,3017,1153,3060,-1,melon
2513,3026,2542,3057,-1,melon
1901,3023,1931,3054,-1,melon
3375,3031,3392,3053,-1,melon
1233,3024,1268,3051,-1,melon
3632,3027,3657,3047,-1,melon
3308,3011,3330,3040,-1,melon
3349,3016,3368,3040,-1,melon
3935,2994,3959,3031,-1,melon
1848,2998,1879,3030,-1,melon
1184,2993,1226,3029,-1,melon
3631,3003,3652,3027,-1,melon
1541,2983,1566,3016,-1,melon
1825,2965,1854,3003,-1,melon
1558,2972,1583,3001,-1,melon
2938,2950,2963,2987,-1,melon
2525,2964,2547,2986,-1,melon
2553,2960,2576,2985,-1,melon
2430,2953,2460,2982,-1,melon
1904,2952,1933,2980,-1,melon
115,2943,162,2980,-1,melon
1536,2947,1572,2978,-1,melon
2491,2945,2519,2971,-1,melon
785,2927,818,2967,-1,melon
438,2939,475,2966,-1,melon
1935,2932,1965,2962,-1,melon
1841,2934,1872,2961,-1,melon
2508,2922,2540,2961,-1,melon
90,2920,133,2960,-1,melon
825,2913,870,2947,-1,melon
2875,2925,2917,2947,-1,melon
524,2914,564,2942,-1,melon
466,2910,491,2940,-1,melon
2541,2907,2565,2935,-1,melon
1484,2913,1516,2935,-1,melon
3264,2897,3290,2927,-1,melon
486,2898,513,2920,-1,melon
1533,2888,1573,2918,-1,melon
131,2893,167,2913,-1,melon
77,2884,112,2911,-1,melon
867,2876,901,2909,-1,melon
498,2857,532,2893,-1,melon
1450,2864,1488,2891,-1,melon
731,2844,761,2891,-1,melon
537,2857,577,2887,-1,melon
106,2828,156,2868,-1,melon
2532,2836,2559,2867,-1,melon
3341,2826,3372,2866,-1,melon
2486,2834,2512,2862,-1,melon
3934,2818,3979,2858,-1,melon
3652,2834,3679,2858,-1,melon
1511,2825,1553,2856,-1,melon
73,2825,107,2853,-1,melon
1191,2824,1225,2852,-1,melon
3258,2822,3280,2845,-1,melon
470,2811,494,2841,-1,melon
439,2815,470,2837,-1,melon
806,2789,844,2827,-1,melon
2825,2793,2844,2821,-1,melon
1521,2784,1553,2816,-1,melon
501,2781,534,2812,-1,melon
1210,2772,1249,2806,-1,melon
3898,2764,3918,2803,-1,melon
715,2768,764,2800,-1,melon
2537,2771,2566,2798,-1,melon
1143,2754,1173,2788,-1,melon
449,2751,480,2784,-1,melon
532,2759,562,2783,-1,melon
2561,2755,2588,2781,-1,melon
144,2742,179,2774,-1,melon
1183,2744,1223,2773,-1,melon
1540,2738,1566,2771,-1,melon
3892,2728,3925,2767,-1,melon
2492,2742,2519,2765,-1,melon
1474,2730,1502,2763,-1,melon
413,2737,446,2762,-1,melon
1166,2713,1196,2760,-1,melon
3564,2728,3591,2755,-1,melon
2542,2715,2570,2748,-1,melon
3903,2696,3931,2743,-1,melon
115,2692,146,2731,-1,melon
4242,2683,4279,2729,-1,melon
494,2693,530,2723,-1,melon
1558,2695,1593,2722,-1,melon
4285,2685,4330,2721,-1,melon
455,2690,487,2719,-1,melon
3540,2687,3567,2713,-1,melon
3622,2686,3652,2712,-1,melon
536,2686,565,2709,-1,melon
1182,2677,1232,2708,-1,melon
971,2679,989,2706,-1,melon
445,2657,480,2687,-1,melon
1563,2654,1590,2685,-1,melon
548,2638,581,2684,-1,melon
1508,2648,1540,2683,-1,melon
1539,2642,1566,2681,-1,melon
4238,2631,4272,2677,-1,melon
2635,2650,2662,2676,-1,melon
513,2645,544,2676,-1,melon
1182,2645,1218,2675,-1,melon
2669,2639,2693,2666,-1,melon
2979,2621,3000,2665,-1,melon
2592,2631,2626,2660,-1,melon
1977,2630,2009,2658,-1,melon
1835,2627,1866,2657,-1,melon
3261,2629,3279,2656,-1,melon
1182,2615,1231,2650,-1,melon
521,2617,557,2644,-1,melon
2566,2601,2596,2643,-1,melon
132,2613,160,2641,-1,melon
3207,2612,3234,2637,-1,melon
2967,2591,2990,2633,-1,melon
2529,2591,2556,2632,-1,melon
3239,2607,3259,2629,-1,melon
1907,2600,1938,2629,-1,melon
4276,2597,4302,2627,-1,melon
2944,2583,2969,2624,-1,melon
3283,2592,3305,2620,-1,melon
3495,2597,3518,2618,-1,melon
4308,2589,4341,2618,-1,melon
1844,2574,1871,2611,-1,melon
2718,2589,2738,2610,-1,melon
136,2578,174,2609,-1,melon
1443,2576,1479,2607,-1,melon
3949,2573,3993,2603,-1,melon
3918,2558,3951,2598,-1,melon
3656,2574,3677,2597,-1,melon
4265,2570,4297,2596,-1,melon
130,2562,155,2596,-1,melon
472,2563,504,2592,-1,melon
3206,2559,3230,2591,-1,melon
1488,2549,1519,2586,-1,melon
3283,2550,3304,2579,-1,melon
807,2543,852,2573,-1,melon
3659,2549,3678,2571,-1,melon
4289,2535,4317,2567,-1,melon
465,2538,496,2566,-1,melon
3091,2524,3117,2557,-1,melon
3518,2529,3538,2549,-1,melon
1498,2520,1523,2547,-1,melon
1147,2485,1179,2534,-1,melon
740,2495,773,2526,-1,melon
477,2494,505,2525,-1,melon
1989,2498,2016,2525,-1,melon
79,2480,120,2518,-1,melon
2523,2494,2542,2512,-1,melon
3268,2483,3296,2511,-1,melon
2551,2482,2574,2509,-1,melon
489,2476,524,2502,-1,melon
1533,2467,1558,2502,-1,melon
1186,2466,1231,2500,-1,melon
3894,2457,3922,2498,-1,melon
3951,2454,3986,2496,-1,melon
1487,2460,1518,2488,-1,melon
2659,2457,2685,2481,-1,melon
495,2451,522,2476,-1,melon
4266,2445,4297,2475,-1,melon
1185,2436,1223,2469,-1,melon
1846,2426,1871,2464,-1,melon
1970,2427,2000,2462,-1,melon
1810,2425,1848,2457,-1,melon
3927,2425,3965,2454,-1,melon
2589,2419,2613,2443,-1,melon
1537,2408,1560,2441,-1,melon
814,2407,853,2438,-1,melon
866,2404,904,2436,-1,melon
4245,2404,4277,2432,-1,melon
2570,2405,2595,2432,-1,melon
2897,2393,2920,2430,-1,melon
3312,2391,3341,2421,-1,melon
3364,2387,3389,2411,-1,melon
1177,2380,1218,2407,-1,melon
3147,2390,3168,2405,-1,melon
2869,2365,2902,2403,-1,melon
3945,2372,3987,2402,-1,melon
2575,2375,2603,2402,-1,melon
4279,2358,4315,2394,-1,melon
127,2362,156,2393,-1,melon
663,2353,696,2393,-1,melon
1522,2365,1542,2389,-1,melon
3226,2357,3249,2386,-1,melon
1892,2355,1920,2383,-1,melon
1486,2355,1518,2376,-1,melon
866,2345,905,2375,-1,melon
1456,2347,1476,2362,-1,melon
2874,2335,2911,2362,-1,melon
1496,2333,1516,2361,-1,melon
2571,2330,2599,2360,-1,melon
120,2335,165,2359,-1,melon
1909,2337,1939,2358,-1,melon
3297,2331,3322,2356,-1,melon
56,2325,100,2351,-1,melon
3929,2308,3951,2349,-1,melon
1852,2306,1879,2347,-1,melon
3486,2323,3509,2347,-1,melon
1511,2321,1545,2346,-1,melon
151,2310,189,2344,-1,melon
3254,2307,3279,2336,-1,melon
1217,2306,1256,2335,-1,melon
1558,2288,1583,2314,-1,melon
56,2274,100,2312,-1,melon
2617,2283,2646,2310,-1,melon
1877,2275,1910,2304,-1,melon
3229,2275,3252,2300,-1,melon
2510,2262,2539,2300,-1,melon
1837,2268,1866,2299,-1,melon
3204,2274,3229,2298,-1,melon
1491,2264,1518,2292,-1,melon
3495,2270,3519,2291,-1,melon
3111,2265,3133,2289,-1,melon
2592,2256,2622,2284,-1,melon
1867,2252,1894,2282,-1,melon
2549,2236,2579,2274,-1,melon
1230,2229,1269,2267,-1,melon
1721,2239,1747,2262,-1,melon
3912,2221,3950,2261,-1,melon
1890,2224,1918,2256,-1,melon
3262,2227,3289,2255,-1,melon
1952,2206,1983,2239,-1,melon
534,2208,570,2236,-1,melon
3272,2200,3294,2230,-1,melon
47,2191,83,2226,-1,melon
1498,2194,1522,2224,-1,melon
104,2202,127,2222,-1,melon
467,2188,507,2217,-1,melon
2537,2185,2565,2216,-1,melon
3990,2179,4017,2212,-1,melon
3952,2177,3989,2208,-1,melon
565,2175,592,2200,-1,melon
2906,2171,2926,2200,-1,melon
3237,2167,3263,2198,-1,melon
2936,2165,2961,2198,-1,melon
35,2166,73,2195,-1,melon
1796,2166,1826,2195,-1,melon
4267,2168,4297,2191,-1,melon
467,2159,502,2189,-1,melon
1845,2159,1881,2186,-1,melon
3216,2152,3241,2183,-1,melon
4240,2148,4268,2180,-1,melon
1200,2149,1244,2175,-1,melon
548,2136,579,2164,-1,melon
3929,2136,3958,2164,-1,melon
4281,2131,4314,2155,-1,melon
137,2120,171,2155,-1,melon
4234,2126,4263,2151,-1,melon
2492,2123,2515,2148,-1,melon
3588,2119,3612,2144,-1,melon
3531,2119,3550,2140,-1,melon
2906,2101,2931,2136,-1,melon
486,2110,521,2134,-1,melon
95,2094,133,2127,-1,melon
2547,2093,2573,2127,-1,melon
3628,2103,3648,2126,-1,melon
535,2075,569,2119,-1,melon
2930,2074,2956,2111,-1,melon
87,2063,115,2105,-1,melon
2529,2057,2566,2094,-1,melon
3530,2070,3552,2092,-1,melon
3901,2051,3935,2090,-1,melon
3955,2040,3992,2088,-1,melon
2942,2040,2964,2078,-1,melon
3258,2042,3285,2075,-1,melon
452,2039,501,2074,-1,melon
1821,2030,1851,2069,-1,melon
786,2043,819,2069,-1,melon
3226,2027,3254,2057,-1,melon
1887,2021,1909,2054,-1,melon
2832,2023,2865,2053,-1,melon
3996,2018,4014,2043,-1,melon
539,2016,566,2043,-1,melon
4228,2001,4250,2020,-1,melon
1515,1992,1554,2020,-1,melon
2822,1992,2857,2019,-1,melon
3935,1980,3966,2017,-1,melon
108,1975,138,2014,-1,melon
2876,1964,2901,2001,-1,melon
2951,1962,2973,1998,-1,melon
3393,1968,3417,1995,-1,melon
1462,1951,1490,1994,-1,melon
1487,1957,1529,1987,-1,melon
4244,1954,4269,1983,-1,melon
3961,1948,3999,1976,-1,melon
550,1939,590,1976,-1,melon
1539,1947,1575,1974,-1,melon
2770,1933,2797,1966,-1,melon
3242,1944,3261,1965,-1,melon
2590,1927,2619,1961,-1,melon
2559,1932,2594,1961,-1,melon
2531,1926,2558,1959,-1,melon
797,1928,830,1959,-1,melon
3265,1931,3291,1957,-1,melon
3926,1908,3958,1954,-1,melon
66,1925,110,1952,-1,melon
1860,1918,1883,1949,-1,melon
2947,1915,2977,1949,-1,melon
2877,1909,2912,1945,-1,melon
3280,1915,3303,1938,-1,melon
3430,1917,3449,1936,-1,melon
3371,1913,3391,1934,-1,melon
3140,1902,3165,1930,-1,melon
1908,1889,1932,1924,-1,melon
162,1883,186,1914,-1,melon
2678,1881,2703,1914,-1,melon
4226,1885,4257,1912,-1,melon
550,1874,589,1909,-1,melon
2570,1866,2598,1904,-1,melon
2928,1864,2955,1903,-1,melon
4259,1871,4281,1901,-1,melon
1150,1870,1182,1894,-1,melon
3951,1843,3981,1890,-1,melon
1144,1848,1179,1871,-1,melon
1906,1843,1938,1867,-1,melon
4321,1843,4345,1861,-1,melon
1515,1821,1548,1861,-1,melon
470,1825,503,1857,-1,melon
1196,1821,1228,1852,-1,melon
4229,1815,4260,1850,-1,melon
102,1823,149,1849,-1,melon
2909,1812,2932,1846,-1,melon
3577,1813,3598,1835,-1,melon
3598,1814,3619,1834,-1,melon
3251,1807,3274,1831,-1,melon
3896,1802,3941,1829,-1,melon
1466,1787,1496,1828,-1,melon
1838,1797,1857,1823,-1,melon
2880,1789,2911,1818,-1,melon
3230,1791,3254,1813,-1,melon
3622,1775,3644,1800,-1,melon
2523,1774,2552,1794,-1,melon
1215,1755,1250,1791,-1,melon
157,1750,195,1784,-1,melon
2537,1749,2563,1777,-1,melon
3212,1748,3236,1773,-1,melon
531,1726,572,1765,-1,melon
1243,1736,1288,1764,-1,melon
1148,1740,1188,1763,-1,melon
2556,1723,2582,1759,-1,melon
497,1723,528,1758,-1,melon
3250,1732,3270,1753,-1,melon
758,1711,789,1750,-1,melon
2944,1703,2973,1747,-1,melon
117,1721,151,1746,-1,melon
3226,1722,3245,1746,-1,melon
4281,1715,4316,1742,-1,melon
2517,1710,2548,1738,-1,melon
1513,1703,1539,1735,-1,melon
1539,1699,1563,1729,-1,melon
4012,1681,4044,1728,-1,melon
3236,1706,3256,1727,-1,melon
3215,1694,3238,1726,-1,melon
5017,1694,5045,1722,-1,melon
4205,1692,4240,1719,-1,melon
3929,1686,3972,1717,-1,melon
2571,1684,2611,1714,-1,melon
150,1669,196,1703,-1,melon
1896,1661,1924,1696,-1,melon
4233,1664,4271,1689,-1,melon
4283,1650,4317,1687,-1,melon
1546,1650,1579,1684,-1,melon
1187,1645,1227,1678,-1,melon
1479,1634,1506,1674,-1,melon
2593,1649,2626,1673,-1,melon
2946,1632,2969,1669,-1,melon
4227,1634,4265,1664,-1,melon
2865,1638,2902,1661,-1,melon
3558,1634,3580,1658,-1,melon
2928,1620,2952,1658,-1,melon
2902,1620,2928,1656,-1,melon
3193,1625,3219,1652,-1,melon
4029,1614,4066,1650,-1,melon
3881,1624,3916,1647,-1,melon
1217,1605,1251,1642,-1,melon
2972,1607,2992,1637,-1,melon
2575,1596,2603,1635,-1,melon
2880,1609,2916,1635,-1,melon
1566,1604,1603,1635,-1,melon
522,1599,557,1634,-1,melon
2550,1604,2579,1633,-1,melon
577,1603,612,1632,-1,melon
1524,1609,1559,1632,-1,melon
3549,1611,3570,1630,-1,melon
3300,1604,3324,1629,-1,melon
1804,1601,1846,1627,-1,melon
192,1606,227,1627,-1,melon
3200,1601,3220,1625,-1,melon
1008,1592,1040,1620,-1,melon
3220,1598,3244,1618,-1,melon
1833,1595,1858,1614,-1,melon
1724,1574,1752,1610,-1,melon
1537,1586,1567,1610,-1,melon
57,1576,86,1606,-1,melon
1228,1572,1255,1606,-1,melon
2042,1569,2069,1604,-1,melon
1811,1575,1837,1603,-1,melon
4285,1574,4326,1603,-1,melon
3219,1575,3238,1599,-1,melon
488,1560,528,1593,-1,melon
1202,1557,1234,1593,-1,melon
3261,1560,3284,1585,-1,melon
742,1558,785,1584,-1,melon
78,1544,114,1579,-1,melon
3538,1556,3560,1577,-1,melon
3586,1552,3610,1571,-1,melon
2858,1541,2904,1567,-1,melon
2959,1533,2997,1564,-1,melon
1868,1530,1891,1560,-1,melon
478,1516,518,1555,-1,melon
3575,1529,3597,1552,-1,melon
111,1528,145,1552,-1,melon
569,1518,606,1544,-1,melon
4223,1512,4262,1540,-1,melon
141,1514,189,1539,-1,melon
4005,1507,4039,1538,-1,melon
3537,1515,3560,1534,-1,melon
3976,1480,4005,1529,-1,melon
573,1492,616,1517,-1,melon
1800,1473,1828,1510,-1,melon
3918,1464,3967,1502,-1,melon
1890,1466,1917,1501,-1,melon
3582,1480,3605,1500,-1,melon
3302,1475,3323,1493,-1,melon
4312,1463,4349,1493,-1,melon
1468,1461,1504,1488,-1,melon
1504,1457,1540,1485,-1,melon
714,1457,745,1484,-1,melon
3572,1460,3598,1483,-1,melon
2912,1451,2945,1482,-1,melon
3252,1452,3282,1478,-1,melon
3294,1457,3319,1476,-1,melon
94,1427,126,1471,-1,melon
3200,1443,3234,1470,-1,melon
3994,1446,4031,1469,-1,melon
1891,1437,1913,1467,-1,melon
3583,1444,3607,1462,-1,melon
4257,1428,4293,1461,-1,melon
2907,1427,2937,1457,-1,melon
3262,1419,3287,1455,-1,melon
490,1422,535,1453,-1,melon
3552,1427,3574,1451,-1,melon
3218,1418,3247,1449,-1,melon
1562,1415,1580,1446,-1,melon
3574,1419,3595,1442,-1,melon
1900,1413,1932,1440,-1,melon
2027,1388,2071,1416,-1,melon
3451,1388,3479,1415,-1,melon
3644,1394,3664,1412,-1,melon
2947,1382,2984,1410,-1,melon
2493,1380,2516,1409,-1,melon
2990,1370,3027,1401,-1,melon
1874,1373,1900,1398,-1,melon
3937,1357,3971,1396,-1,melon
1487,1352,1517,1391,-1,melon
4261,1353,4302,1389,-1,melon
2862,1360,2898,1387,-1,melon
791,1359,829,1386,-1,melon
509,1343,542,1378,-1,melon
307,1327,333,1369,-1,melon
1550,1331,1583,1367,-1,melon
3220,1321,3249,1349,-1,melon
2754,1309,2779,1337,-1,melon
473,1296,505,1330,-1,melon
1530,1294,1569,1325,-1,melon
801,1290,833,1324,-1,melon
2505,1296,2544,1322,-1,melon
2843,1293,2882,1318,-1,melon
4232,1276,4270,1316,-1,melon
1894,1281,1917,1311,-1,melon
3244,1277,3272,1310,-1,melon
2902,1269,2929,1308,-1,melon
2590,1274,2620,1307,-1,melon
1452,1266,1482,1305,-1,melon
2533,1256,2561,1296,-1,melon
4326,1256,4357,1294,-1,melon
310,1262,334,1292,-1,melon
510,1270,538,1291,-1,melon
3259,1256,3287,1288,-1,melon
2933,1253,2970,1286,-1,melon
2562,1243,2587,1282,-1,melon
4294,1241,4331,1281,-1,melon
548,1241,573,1280,-1,melon
493,1235,529,1270,-1,melon
3953,1232,3991,1264,-1,melon
3243,1235,3273,1262,-1,melon
2897,1235,2924,1261,-1,melon
1877,1220,1912,1256,-1,melon
2944,1225,2976,1255,-1,melon
3590,1229,3613,1253,-1,melon
3186,1220,3213,1251,-1,melon
3217,1216,3245,1249,-1,melon
2462,1220,2507,1246,-1,melon
3429,1219,3452,1244,-1,melon
744,1203,774,1239,-1,melon
3596,1209,3623,1233,-1,melon
136,1205,181,1232,-1,melon
4005,1184,4035,1232,-1,melon
3560,1205,3583,1231,-1,melon
2591,1203,2631,1231,-1,melon
772,1200,807,1228,-1,melon
2921,1191,2946,1226,-1,melon
3912,1186,3954,1218,-1,melon
2537,1183,2572,1206,-1,melon
473,1167,512,1202,-1,melon
3554,1175,3578,1199,-1,melon
2561,1160,2603,1188,-1,melon
1825,1144,1856,1183,-1,melon
4239,1138,4274,1183,-1,melon
1472,1145,1498,1176,-1,melon
1894,1149,1920,1175,-1,melon
512,1133,547,1173,-1,melon
2925,1110,2960,1151,-1,melon
166,1116,214,1149,-1,melon
3567,1115,3590,1138,-1,melon
3930,1116,3963,1138,-1,melon
1447,1106,1475,1133,-1,melon
2521,1093,2552,1132,-1,melon
537,1093,569,1125,-1,melon
120,1093,161,1124,-1,melon
634,1093,678,1116,-1,melon
3915,1066,3940,1110,-1,melon
1908,1082,1929,1109,-1,melon
218,1066,251,1108,-1,melon
1889,1071,1909,1104,-1,melon
2934,1060,2963,1102,-1,melon
2537,1065,2565,1101,-1,melon
1195,1070,1231,1096,-1,melon
3264,1055,3294,1091,-1,melon
951,1063,986,1090,-1,melon
1837,1054,1861,1089,-1,melon
1510,1058,1547,1085,-1,melon
801,1044,832,1085,-1,melon
1548,1043,1587,1073,-1,melon
728,1039,765,1071,-1,melon
2608,1041,2632,1068,-1,melon
3538,1045,3561,1065,-1,melon
3245,1034,3270,1064,-1,melon
463,1026,493,1064,-1,melon
513,1032,553,1060,-1,melon
2531,1027,2558,1057,-1,melon
158,1008,194,1052,-1,melon
3180,1021,3212,1047,-1,melon
2919,1005,2952,1043,-1,melon
533,1012,563,1040,-1,melon
1515,1007,1544,1037,-1,melon
3920,991,3949,1021,-1,melon
1872,989,1920,1019,-1,melon
844,985,873,1018,-1,melon
4269,985,4302,1014,-1,melon
3180,985,3204,1013,-1,melon
548,981,570,1012,-1,melon
2881,975,2912,1011,-1,melon
2515,980,2550,1011,-1,melon
3910,975,3932,1007,-1,melon
3215,981,3241,1006,-1,melon
3944,974,3981,995,-1,melon
749,967,782,995,-1,melon
2901,962,2929,995,-1,melon
113,949,146,990,-1,melon
1904,947,1939,987,-1,melon
2583,946,2611,984,-1,melon
3219,961,3242,982,-1,melon
2969,951,3008,981,-1,melon
154,944,192,973,-1,melon
777,933,805,967,-1,melon
1881,920,1908,962,-1,melon
2533,929,2564,962,-1,melon
4242,925,4287,961,-1,melon
1139,924,1178,958,-1,melon
3965,927,4000,955,-1,melon
2890,917,2921,952,-1,melon
2581,920,2611,942,-1,melon
2912,905,2941,932,-1,melon
1132,890,1178,928,-1,melon
3931,892,3954,928,-1,melon
4238,894,4263,927,-1,melon
1875,889,1908,918,-1,melon
1528,884,1565,912,-1,melon
100,865,136,912,-1,melon
794,883,829,911,-1,melon
849,874,888,908,-1,melon
1479,870,1511,904,-1,melon
1114,851,1171,889,-1,melon
166,858,217,886,-1,melon
807,855,837,882,-1,melon
1897,861,1923,882,-1,melon
1859,850,1885,881,-1,melon
3246,845,3270,876,-1,melon
2928,847,2966,876,-1,melon
2607,842,2639,874,-1,melon
1525,847,1556,872,-1,melon
172,836,213,857,-1,melon
1155,825,1203,855,-1,melon
1918,812,1945,854,-1,melon
1504,812,1533,843,-1,melon
829,807,863,839,-1,melon
1883,811,1918,837,-1,melon
1537,800,1565,835,-1,melon
502,789,538,833,-1,melon
3967,791,4011,831,-1,melon
3922,780,3952,829,-1,melon
540,795,574,828,-1,melon
1131,801,1164,826,-1,melon
156,774,190,817,-1,melon
2959,775,2991,817,-1,melon
786,786,817,812,-1,melon
3552,784,3577,808,-1,melon
462,770,491,806,-1,melon
3578,780,3598,802,-1,melon
181,771,227,802,-1,melon
776,761,800,794,-1,melon
3353,760,3380,791,-1,melon
1157,746,1180,787,-1,melon
2513,761,2546,787,-1,melon
3242,763,3266,786,-1,melon
1516,753,1540,781,-1,melon
3573,762,3593,780,-1,melon
519,745,557,779,-1,melon
1892,740,1922,776,-1,melon
475,751,504,776,-1,melon
2543,753,2580,776,-1,melon
1202,748,1246,774,-1,melon
1255,744,1299,771,-1,melon
3264,742,3286,771,-1,melon
797,729,831,767,-1,melon
3549,745,3570,766,-1,melon
2605,741,2643,766,-1,melon
1182,729,1216,766,-1,melon
1554,736,1575,763,-1,melon
145,725,178,758,-1,melon
1865,730,1894,757,-1,melon
2541,729,2581,756,-1,melon
4278,731,4306,753,-1,melon
3922,715,3966,747,-1,melon
765,711,795,746,-1,melon
173,703,208,745,-1,melon
1147,713,1193,745,-1,melon
2518,718,2555,741,-1,melon
3242,714,3266,740,-1,melon
3213,711,3240,740,-1,melon
478,702,510,738,-1,melon
1905,713,1941,737,-1,melon
4304,710,4334,737,-1,melon
115,705,149,737,-1,melon
1853,697,1877,731,-1,melon
1726,694,1753,730,-1,melon
2441,703,2468,730,-1,melon
1225,690,1261,728,-1,melon
3247,688,3271,710,-1,melon
2075,668,2100,705,-1,melon
4215,680,4246,702,-1,melon
575,657,609,697,-1,melon
735,669,757,697,-1,melon
537,665,579,697,-1,melon
4397,666,4421,695,-1,melon
1890,667,1921,695,-1,melon
3954,658,4003,692,-1,melon
799,644,836,690,-1,melon
1827,651,1852,687,-1,melon
906,655,944,687,-1,melon
3294,661,3320,687,-1,melon
4270,661,4302,686,-1,melon
1218,635,1258,683,-1,melon
1868,648,1897,682,-1,melon
176,643,210,681,-1,melon
2919,632,2949,674,-1,melon
4252,649,4275,672,-1,melon
3257,630,3284,660,-1,melon
4223,634,4256,655,-1,melon
4254,624,4276,651,-1,melon
1535,616,1563,649,-1,melon
1859,617,1888,648,-1,melon
3226,618,3254,646,-1,melon
2937,612,2971,642,-1,melon
507,605,532,640,-1,melon
1509,612,1540,639,-1,melon
2518,606,2557,638,-1,melon
3198,605,3223,635,-1,melon
4232,610,4253,634,-1,melon
219,608,253,633,-1,melon
3251,604,3275,632,-1,melon
1542,595,1568,625,-1,melon
2605,596,2641,622,-1,melon
555,582,592,620,-1,melon
807,589,835,616,-1,melon
119,577,155,612,-1,melon
2547,581,2578,611,-1,melon
204,581,246,609,-1,melon
479,582,506,608,-1,melon
5294,572,5326,607,-1,melon
3203,574,3231,604,-1,melon
1503,574,1528,603,-1,melon
760,573,787,601,-1,melon
3925,573,3973,600,-1,melon
502,575,532,598,-1,melon
2930,565,2965,596,-1,melon
2612,565,2646,595,-1,melon
3966,567,3999,591,-1,melon
3244,557,3268,590,-1,melon
799,557,831,590,-1,melon
1527,557,1559,588,-1,melon
155,555,195,587,-1,melon
478,558,513,585,-1,melon
500,542,531,577,-1,melon
1504,555,1528,574,-1,melon
3939,540,3979,573,-1,melon
1934,530,1959,570,-1,melon
182,532,222,568,-1,melon
1229,536,1254,567,-1,melon
1493,532,1512,556,-1,melon
1863,530,1903,554,-1,melon
4247,517,4279,549,-1,melon
510,523,534,545,-1,melon
309,520,341,544,-1,melon
813,510,841,543,-1,melon
1547,507,1577,543,-1,melon
3952,516,3993,541,-1,melon
2828,515,2859,537,-1,melon
4308,509,4325,535,-1,melon
1496,507,1523,531,-1,melon
485,502,522,529,-1,melon
1878,495,1910,524,-1,melon
3261,494,3289,523,-1,melon
1257,474,1289,523,-1,melon
759,491,799,521,-1,melon
4237,489,4271,515,-1,melon
163,476,207,511,-1,melon
2917,478,2947,510,-1,melon
503,476,524,505,-1,melon
4292,475,4316,500,-1,melon
474,477,505,500,-1,melon
3256,475,3279,496,-1,melon
3289,465,3320,495,-1,melon
1220,466,1267,495,-1,melon
1544,470,1569,491,-1,melon
1164,453,1198,490,-1,melon
2903,451,2936,485,-1,melon
182,447,214,481,-1,melon
3901,430,3939,478,-1,melon
2605,426,2635,475,-1,melon
2970,434,2996,471,-1,melon
150,424,188,461,-1,melon
2893,421,2923,452,-1,melon
726,415,759,450,-1,melon
4249,430,4272,448,-1,melon
3247,413,3276,440,-1,melon
1563,410,1589,436,-1,melon
1505,408,1544,434,-1,melon
4288,408,4315,430,-1,melon
4352,400,4377,423,-1,melon
815,390,848,418,-1,melon
147,371,181,406,-1,melon
3927,376,3966,406,-1,melon
1225,366,1269,400,-1,melon
2556,371,2590,400,-1,melon
2589,368,2626,398,-1,melon
1520,367,1550,396,-1,melon
518,363,558,394,-1,melon
3591,370,3615,393,-1,melon
1115,365,1153,390,-1,melon
171,367,208,389,-1,melon
470,365,503,389,-1,melon
2963,348,2988,389,-1,melon
4240,360,4266,388,-1,melon
5431,352,5462,388,-1,melon
127,348,157,381,-1,melon
3604,358,3631,377,-1,melon
3363,338,3389,370,-1,melon
168,340,214,367,-1,melon
1135,325,1175,362,-1,melon
1199,322,1240,353,-1,melon
562,325,592,353,-1,melon
4249,324,4275,352,-1,melon
3563,328,3586,352,-1,melon
3284,328,3313,350,-1,melon
3390,323,3412,346,-1,melon
179,306,210,339,-1,melon
2962,303,2996,330,-1,melon
1244,296,1287,330,-1,melon
793,292,823,328,-1,melon
457,299,485,326,-1,melon
4253,302,4281,325,-1,melon
3230,290,3255,321,-1,melon
2578,279,2607,319,-1,melon
491,288,522,317,-1,melon
1222,273,1250,314,-1,melon
3276,290,3294,312,-1,melon
4248,279,4272,304,-1,melon
2892,266,2931,301,-1,melon
1552,252,1581,300,-1,melon
3565,263,3588,285,-1,melon
1135,249,1176,274,-1,melon
3216,244,3239,274,-1,melon
858,236,894,269,-1,melon
2609,230,2633,267,-1,melon
2892,230,2924,265,-1,melon
890,233,925,263,-1,melon
3593,239,3614,261,-1,melon
3554,225,3574,251,-1,melon
1913,223,1932,250,-1,melon
205,207,256,239,-1,melon
172,209,208,236,-1,melon
1550,195,1580,235,-1,melon
1526,198,1550,234,-1,melon
3575,205,3594,230,-1,melon
1856,195,1877,221,-1,melon
1480,191,1525,220,-1,melon
143,180,189,210,-1,melon
972,171,1006,209,-1,melon
555,173,589,204,-1,melon
4265,166,4289,198,-1,melon
1510,159,1536,195,-1,melon
1578,148,1600,183,-1,melon
3548,154,3572,182,-1,melon
2896,153,2930,182,-1,melon
3277,146,3301,178,-1,melon
446,147,480,174,-1,melon
4244,138,4269,169,-1,melon
2950,127,2975,165,-1,melon
1919,130,1949,162,-1,melon
806,131,839,161,-1,melon
2604,130,2641,157,-1,melon
2902,130,2928,154,-1,melon
1893,122,1924,153,-1,melon
195,111,228,152,-1,melon
3917,124,3958,145,-1,melon
2537,114,2573,144,-1,melon
127,110,165,140,-1,melon
3567,110,3592,139,-1,melon
2587,110,2613,137,-1,melon
2568,96,2590,134,-1,melon
1517,96,1548,128,-1,melon
1894,98,1922,124,-1,melon
3915,97,3957,124,-1,melon
3256,87,3282,116,-1,melon
4276,84,4300,115,-1,melon
2533,88,2562,114,-1,melon
525,74,557,110,-1,melon
2951,77,2982,107,-1,melon
3529,83,3551,105,-1,melon
2893,73,2919,103,-1,melon
168,63,199,102,-1,melon
1933,59,1969,102,-1,melon
3549,79,3571,101,-1,melon
476,58,516,100,-1,melon
4338,74,4370,100,-1,melon
2600,68,2628,95,-1,melon
3572,76,3590,95,-1,melon
816,61,844,95,-1,melon
2555,62,2583,91,-1,melon
3193,65,3217,89,-1,melon
787,52,818,87,-1,melon
3254,66,3286,87,-1,melon
2038,56,2073,87,-1,melon
1236,56,1281,87,-1,melon
3553,53,3574,80,-1,melon
747,44,782,80,-1,melon
4272,52,4305,79,-1,melon
2637,43,2660,76,-1,melon
523,36,556,75,-1,melon
3573,51,3599,74,-1,melon
1552,26,1589,72,-1,melon
2940,35,2970,66,-1,melon
3214,37,3240,62,-1,melon
1919,17,1955,59,-1,melon
1236,27,1278,56,-1,melon
2612,20,2641,56,-1,melon
3568,28,3590,52,-1,melon
1207,9,1233,51,-1,melon
146,18,178,47,-1,melon
2897,2,2925,46,-1,melon
1173,14,1204,44,-1,melon
1485,4,1521,44,-1,melon
2011,5,2044,39,-1,melon
